MSE: 0.6536995137170021
R2: 0.8072059636181392
